154.57144908690333
162.72881813281282
170.86840300782433
159.3835640231002
159.40259151447083
162.65937207399296
165.58217781983362
150.74345911506123
160.13804567821097
172.51735905898116
161.63377891873014
162.3886381930894
167.63543052552532
155.37951135917817
160.58869528833768
163.81272555289158
160.01306280750902
159.43298285641166
151.26265298305407
158.12376914465608
160.9988822513298
163.9380649129744
165.45749165863353
153.0961554366933
161.8412855513722
163.54091902368802
166.07860603557538
163.1280382405755
161.1095786808187
157.78896776981975
163.00303682035542
161.53409450132344
167.75991609576343
153.56517704966748
163.13851921020654
164.2768793041881
168.9240765326305
161.18930241310392
152.04604669345096
162.53966540006166
165.50724991104968
165.50128282470735
171.75661622830265
172.07090363725735
164.10417555709304
161.78271549484873
160.66685866417183
160.1444058997978
153.76469697973442
148.99355328689933
165.7867340149321
162.86769327020568
168.35541877101343
160.13950943415435
165.83595094250043
158.58791088523714
164.1512621227111
160.03040462215637
156.68517874701539
162.02042132869815
161.76599022633286
167.56138561791053
159.86927891536502
166.19806378424752
167.9721249873306
155.37678378077376
162.87943340125042
161.47996467688836
160.88560783865523
160.17259870175863
165.0021485646119
156.95591034257507
167.37546166641366
164.64681253929507
165.10583556142248
166.3635005181597
155.7937462185816
164.00945772178753
170.3715429352083
168.89123620341616
155.33189720152058
164.16139309260126
165.8941755961144
167.6474281120234
163.3817643235382
159.48108396027075
170.04740615098112
163.2062825276668
161.03201855489183
155.1883170614605
162.93788886573014
166.8731111663647
163.5468733513995
164.55587238266594
158.5622462789711
163.2242470681156
165.518698977486
164.3236515917289
163.367644487378
169.65927515147462
159.9974426668977
164.8915682983358
164.58236459067737
162.3980008998712
166.32265642813914
167.84103015605191
161.81786984789304
159.8828935017423
169.109222429813
171.36274682358825
166.7765455417343
167.72687849077693
167.9980069082196
166.28789502236506
164.16614878823532
156.48815233594124
169.38097998634967
167.010020103984
157.5257208366758
153.83382932885436
163.33205762704574
161.21401825206135
161.4654345375657
159.10666032384015
161.56122425359507
158.23248994809887
164.2904673654053
15.56971426048694
20.055782277986925
18.896585434143173
20.972058449834858
226.49795505217187
227.44725632221702
227.32342914465815
229.0786859940934
226.67322560128235
229.4794697920152
227.4162699153614
229.10913490841455
226.51104821216882
226.57890249846344
