0.2575008906614597
0.266061814317091
0.2612750952984112
0.25982548138880474
0.2629700693569061
0.2617511626713159
0.2679048770972146
0.27457236528031725
0.26518308373637905
0.2626863562150378
0.26035117625023285
0.2643823980122048
0.2663766483163549
0.26298067281567705
0.26477096035850545
0.2614727568095544
0.26070949955581096
0.26319317912423484
0.26597669633182885
0.25876306773536184
0.2684759961478046
0.27560844562087916
0.26994796459147496
0.26196680016289875
0.2700182128109404
0.26551220715801166
0.2699749391734325
0.2570934871281477
0.261309413697809
0.26483197804048164
0.2608703397674662
0.27045718137008684
0.2620499509533365
0.26601757172541857
0.25638132217517223
0.2716118284030063
0.2707214213113768
0.2574739517058057
0.2541629761518667
0.2705737112278969
0.2633917571910919
0.26751573683940344
0.2647335379946614
0.26808701800402124
0.2604682749182794
0.2733291280064664
0.25943209749478563
0.26313574973817305
0.2633477352378582
0.26923807524208926
0.2633115174267827
0.2668847481562277
0.26773162315345816
0.26490326131009617
0.26365324921361866
0.26118698318140904
0.27482705527975415
0.27061560554219594
0.2655881598032155
0.2624204978847543
0.2643034379805474
0.26764681456608014
0.2609187572421471
0.26586433735435444
0.2690816790896479
0.2633943137653414
0.2653241203443216
0.26341409347823186
0.2569663055113196
0.2608278177456351
0.2639494753400217
0.2652750298820743
0.26565533051893264
0.26694837593532605
0.26288583146744354
0.2635378636970463
0.2647726263803463
0.273514064769785
0.27063381436838085
0.25921830224006853
0.2671721826366624
0.26284466731868616
0.2579334359105587
0.2562328916141071
0.26764137640327507
0.26701730716960964
0.2658860989703209
0.2688343247500215
0.26299390576376863
0.26228057226670615
0.2731592557174906
0.2660125497740453
0.2613290860861844
0.2600707033796467
0.26524918622905325
0.26485474865297665
0.2645375929014328
0.25743492767294074
0.2591912684096682
0.25782847910041923
0.2592579014436159
0.2694026050496576
0.2701676460669632
0.2660899274895091
0.2648353118207457
0.2647745628169168
0.2639224110385683
0.2602837521627319
0.26781854472599187
0.26461950877579266
0.2697392547239894
0.26254510954448623
0.2594917077919445
0.2648884193987022
0.26466554503393996
0.2735271735185856
0.26586161586344886
0.2611792866194488
0.2688981339914008
0.26662758883422516
0.26715883009073077
0.2659964443153073
0.2629359002458264
0.25934789478550346
0.27068932312939054
0.25374483914039797
0.2671466508372703
0.25740167825773635
0.3405946340510624
0.2399590366308347
0.3207125500872407
0.26107358974172273
0.25832822577439885
0.25600122930996305
0.25548642449178033
0.2564873458886047
0.258900493670128
0.256987890488413
0.25490486400725115
0.25936390253447883
0.25683186578261274
