0.9986056669238502
1.0329159467465174
1.0311296372410996
1.0352009705650007
1.0346699311499095
1.0332542180899518
1.0332988553244586
1.0349307079499823
1.0335260007843852
1.036014675352665
1.0337735670016728
1.0343310384888942
1.0348445022289765
1.0327571719540192
1.0333874527438287
1.0345555860373108
1.035215719368566
1.0351397697638058
1.0351339069099017
1.0366570396662893
1.033884065829256
1.035578876228513
1.033978968869373
1.0344850091884832
1.0347550493614426
1.0335540169711548
1.0338269495402388
1.0343690914256627
1.0361846626671816
1.0358520466691825
1.033400048068124
1.0342477181002006
1.034622649093983
1.0361482670350783
1.034481915663502
1.036525737396712
1.036084245588198
1.034171967596164
0.9971571147432609
1.0335282815624098
1.03572788898864
1.0335450003605513
1.0332963963429793
1.0332450373466342
1.0325721661325171
1.0340462238372974
1.0312132679228976
1.0359228245109133
1.0347935427956558
1.0375464768133331
1.035305120887355
1.0360797270090343
1.0341299060569173
1.032460055090482
1.0329258050206485
1.0322884693883623
1.03444467368039
1.034129856827735
1.032519448449854
1.0323283593281725
1.0338558341062716
1.0327002489151027
1.0342712349778223
1.035279948886732
1.0346061913107227
1.0346388561675761
1.0326338763403624
1.0345946075240426
1.0269989099470982
1.0326625631215467
1.0328879865861298
1.032712411997923
1.03358995470503
1.0312607291332465
1.0339925547012851
1.0325595301665027
1.035711487504729
1.0338915237622277
1.0333577720510447
1.0319201670284173
1.0347859782496407
1.032481551331504
1.0339783032201866
1.0349355529440654
1.0350717538786824
1.0342973990778703
1.032963924791722
1.0331408724403366
1.0327028354306445
1.0305248647710437
1.034685004165055
1.0332559565506023
1.032166165647985
1.0329756367933052
1.0320408459551127
1.0323476820635058
1.0325990461384453
1.0306254571280637
1.031442715332129
1.032702276265538
1.0315688053609164
1.0318001065253437
1.033568781281435
1.032508942732678
1.03032325873207
1.034204432827707
1.0325503805093152
1.0327320351384779
1.0327908564159418
1.0305012257593014
1.0334552784141573
1.0325638297052098
1.029595167111333
1.032395695992045
1.033353974186206
1.0355114936699312
1.0330508217211098
1.0304674706285069
1.0339955971255201
1.0336568214111557
1.032655241877831
1.0340213347955005
1.0310516162237666
1.0320057795838058
1.0318884949446383
0.9969107310862239
1.0323670592188445
0.9825474424755348
1.2904369446609765
0.977445873084573
1.2920483635342666
0.9991490919241948
1.0076682966680717
0.9989661910076318
1.0072379935961389
0.9988301138603145
1.00811218811715
0.9993109292807543
1.0075974083219814
0.9989975321835024
0.99921947002737
