14.006742264692674     0.004568115036108057
13.96082928189464     0.004518028850717935
16.298953576895144     0.0046958107541605195
13.942579202163737     0.004612886907063018
13.957512774167558     0.004531060343212541
14.73630546516323     0.004625043222943431
14.506764078114951     0.004529349939975141
13.367651722741538     0.004705024812994106
14.474448669701273     0.0045868367470275045
14.423401547992416     0.004543074105513228
13.938453833246692     0.004676697597327611
14.599154654544616     0.004611356495520052
15.182701667117113     0.004609534227715675
13.508899500522803     0.0046240658305662695
14.486500616286097     0.00457421487776836
14.613885595159886     0.004607687887634235
14.146055817258702     0.004504381763471747
14.121962253626881     0.004509790917216752
13.328326088489556     0.0045877031706609735
13.96768621827898     0.0046189682459790455
14.659612768659924     0.004602101836271056
14.268767919051397     0.004482462749920572
14.832659254635557     0.004394885291924924
13.142473920309047     0.00452947016064147
14.322022694215336     0.0046819424662494355
14.72622312569759     0.004427132872305264
14.445684000683984     0.0045352052350850205
14.448667182044517     0.004771759057326727
14.311677749171741     0.004668806967695821
13.432007920196842     0.004411612348622882
14.694758903503892     0.004683530807712419
14.341227129219241     0.004527328927249763
15.421359124104464     0.004678811685865771
13.019028959823718     0.004513518234642116
15.077133931766907     0.004783803677979337
13.940284487457479     0.004584356672819751
14.370225984961792     0.0045647510965094425
14.603491598453376     0.00460904717030888
13.88321116408311     0.0045236198511819465
14.022402615497356     0.004556961507383348
15.006834931388628     0.004572114605821906
14.148241229157636     0.0045750504614756595
15.693282767355043     0.00460323052951668
14.829011390065963     0.004338822879383565
14.717796858538565     0.004620359888704689
14.432183229292948     0.004399583883026308
14.241856983056751     0.004659928931189239
13.735477034163472     0.004534633143641239
13.389903184383916     0.0045561316365780435
12.678589715493507     0.0045242895965629335
14.174278584900534     0.004616422561667894
14.204307672866749     0.004633933186712987
14.907509363541614     0.004628191739291757
14.868932623817038     0.004513717907832272
15.265406215151465     0.004568599231827159
14.030003981119796     0.0046621575672824815
14.390427344448563     0.004427752962130913
14.109567642215739     0.0044071221212714975
14.133222380884314     0.0046410313220913175
14.935321943953644     0.004502675100231651
13.904851148262782     0.004647015034478513
14.941734280228646     0.004465844034625977
13.92540098182777     0.00465483171252555
14.362376965047986     0.004529498231560833
14.725915547277838     0.004555198673394079
13.170161751062423     0.004608918516234538
14.601394505764544     0.0045961346829204285
14.470020728856898     0.004569250303634828
14.742157303536281     0.0045779427708902915
14.44162694121571     0.004694879524770738
14.406054383787495     0.004644185465199032
13.791520662638156     0.004523428391562019
15.39868912632502     0.004497011191605033
14.787430990436208     0.004661117379638403
14.263805183591465     0.004433259136489386
15.439347336599184     0.004619889980626544
13.1364448122932     0.004597702117646843
14.580591300552951     0.004372675064176476
15.343720849656629     0.004638188892034672
15.443552550296785     0.004664927863000803
13.947595185970053     0.004635995535351179
15.199872406887447     0.004504665547570251
14.930898413737156     0.004611812144822678
14.922189814938296     0.0045403241551708415
14.472867950733681     0.004658647455211136
13.912036660516442     0.004513286772049358
15.524160142109633     0.004429880619406092
14.690635290223515     0.004589528973901148
14.680959626053326     0.00457373285091419
13.698203796163057     0.004578716819184199
14.090068428267893     0.004456421144850317
15.015807685276256     0.004596081419744912
14.649671931388959     0.004660826141562622
14.891901896650799     0.004687074120540389
14.34440377366059     0.004551068334448838
14.99977628379952     0.004592094677630064
14.82751704050509     0.004619701770589764
14.501185100836295     0.004750439207895165
14.404887059884917     0.004666968217662265
15.312363152215255     0.00473253975640781
14.104765077261092     0.004613378467689168
14.922530084847681     0.004504591711986242
13.904833378167032     0.004495050479276091
14.449770191735102     0.004589207263779374
15.589105665297529     0.00448254647288981
14.541744347654122     0.0045718802069407115
14.784013009466307     0.004591086836670721
14.93634550908339     0.004694760729126558
15.178272820485441     0.004512449275330455
15.376847728513273     0.004563977290493019
14.732076070081028     0.0045088822524742955
14.748896291350874     0.004619060453918957
15.37872893356326     0.004662477899426088
14.189289353104176     0.004530572370265627
14.68488727316934     0.004594266207820513
12.787232363937683     0.0044493822854736525
14.895927939039577     0.004536524307211616
15.703809673385061     0.004617378742995795
13.998895340373817     0.004506286223520654
13.782929229398748     0.0045671451178285905
14.638280602728617     0.0045853979587687525
13.10642409391022     0.004487434331583825
14.395645007855274     0.00464829064854895
14.23811417799938     0.00474220071757965
14.751823316797015     0.004719917029649732
14.854771465405541     0.00467745857859018
14.2244801578763     0.004540333499732327
1.7629997414753948     0.004507644673866935
1.5305716405800385     0.0043328861561289095
1.944124633837917     0.00472241357564552
1.5363379792983634     0.0045096935562031985
14.75728142926281     0.00414970339984807
14.849403168874561     0.004204892248311035
15.04093813465104     0.00411877827098362
15.150145675348952     0.004158548964512993
15.682222391034284     0.004189695576793686
15.373019138053143     0.004169241434226371
14.871062535090374     0.004209855371710629
15.344230250393668     0.004155512389661936
14.645806179866824     0.004125839330964605
15.246086565000267     0.004200140712954384
