10.609739336563264
11.022647327254559
9.685685125340289
10.761729636449726
10.711184843462226
10.27583546323666
10.602181852866757
10.71981051029226
10.543865578500421
10.937556311694214
10.91652371572209
10.479858650075085
10.320976746969178
10.829901010861331
10.399906169218077
10.586310814290616
10.45257248152333
10.643076417229985
11.040733918975656
10.7189480538518
10.15291318824931
10.815435926498662
10.443530397940156
11.29567278425272
10.748660371626613
10.450166234519106
10.754117281904414
10.555566481207046
10.60158026824091
11.239944022895694
10.377063107510018
10.601161268389683
10.264765709587879
11.271937033422422
10.145742430313794
11.015012688005946
10.65985551753242
10.537871841931672
10.761799145661646
11.000146780340202
10.40162815786938
10.97620298707772
10.118017643312903
10.80504579617245
10.412894567855375
10.556031249719828
10.534097219298797
10.850859439706644
11.115267452661145
11.458840455830867
10.958455155438491
10.861904144890822
10.521103801066898
10.158993081566457
10.07279432283172
10.761559858551252
10.573595764955975
10.628255177969777
10.571911410291527
10.293500397593569
10.830696874732103
10.349544100136269
10.677139925646836
10.629483163999817
10.534039332910329
11.18564405349907
10.415765901987369
10.57603324614577
10.17975071674579
10.510580912719389
10.608593268688063
11.013029083542387
10.076851782410683
10.254633351013421
10.598957208206626
9.979451623901952
11.123264840439111
10.634701370692547
10.405950873147527
10.349461623670829
10.524633826051916
10.185895925376904
10.373288484857905
10.375081522112124
10.534166998883505
11.088687800175151
10.148709683294678
10.375624456983084
10.438642045844384
10.917740561180246
10.892976370372267
10.34185100897275
10.55086676822604
10.472436737524868
10.42808049923361
10.298895136267745
10.4696480045573
10.843788498425221
10.568523653120279
10.247175389697317
10.909026668037958
10.37664413899802
10.985987762004772
10.72205408189647
10.167199793068283
10.510413058927771
10.254571658024954
10.11318685674588
10.313021247089805
10.306848522740461
10.705983556049556
10.659733431185506
10.108170598113196
10.995570060366743
10.470484159795413
11.34255672178692
10.467769791496151
10.004375937275743
10.767217888961515
10.489291635572153
10.534938712810447
11.653379962516922
10.485643929321654
10.52988599670368
10.491450322565685
10.277146683838183
10.80450957359077
9.892540481452546
11.1889051598039
10.74798138969249
10.89000766308593
7.262210038655925
6.926040122746223
6.834829887789545
6.703382363825075
6.94616050548756
6.389227746468057
6.553203136118545
6.677070748990157
6.6917943618419935
6.880740670821935
